47510
34481
33846
44499
37490
20818
36237
31123
49867
49217
40294
28334
27498
40994
36495
30550
23331
43434
46764
34872
34512
43071
22458
47961
35126
46487
42999
29755
41285
36187
31815
36564
46649
35817
23242
35343
42010
28275
22903
17159
30942
16909
19420
36548
45666
25901
31689
28270
18568
31800
49661
17230
43058
18730
24228
25681
41429
28365
41464
25325
45278
39851
26621
32921
44735
47105
43940
21895
37996
34875
43089
39339
18231
49393
20537
44099
29434
40460
39847
38507
25540
21054
45858
37864
33631
33387
44779
30236
18490
37799
17579
26249
24471
31110
23721
40991
44764
41037
37079
40723